2, 3, 5, 50331653, 7, 8388617, 41943049, 11, 8388619, 13, 8388623, 17, 19, 25165843, 41943061, 23, 41943067, 29, 8388637, 31, 25165853, 33554467, 50331683, 37, 41943079, 41, 33554473, 43, 16777259, 50331691, 47, 53, 59, 50331707, 61, 50331709, 8388673, 67, 33554501, 71, 33554503, 73, 16777289, 8388683, 16777291, 25165897, 33554509, 79, 41943113, 83, 8388691, 25165909, 33554519, 89, 8388697, 25165913, 33554527, 97, 101, 103, 25165927, 107, 109, 41943149, 41943151, 113, 16777331, 50331763, 16777333, 50331767, 16777337, 8388733, 127, 131, 8388739, 137, 139, 50331793, 33554579, 149, 33554581, 151, 8388761, 8388763, 157, 25165981, 41943197, 33554593, 163, 50331811, 16777381, 167, 25165993, 41943211, 173, 25165999, 179, 181, 8388791, 41943229, 191, 193, 197, 199, 25166023, 50331847, 8388811, 25166027, 16777421, 33554639, 41943247, 25166033, 33554641, 211, 50331857, 50331863, 41943257, 41943259, 223, 41943263, 8388833, 16777441, 227, 50331871, 229, 41943269, 16777447, 41943271, 233, 8388841, 50331881, 239, 241, 
41943281, 8388857, 251, 16777469, 25166077, 50331901, 257, 25166081, 33554693, 263, 50331913, 33554699, 269, 271, 
8388881, 41943313, 277, 281, 283, 16777499, 16777507, 293, 8388901, 50331943, 41943337, 25166129, 33554737, 307, 25166131, 41943347, 311, 33554743, 313,
41943353, 8388923, 16777531, 317, 25166143, 8388929, 33554761, 331, 41943371, 50331979, 337, 33554771, 8388949, 50331989, 8388953, 347, 349, 50331997, 353,
25166177, 16777571, 50332001, 33554789, 359, 16777577, 8388971, 25166189, 50332013, 367, 25166191, 373, 50332021, 25166201, 379, 16777597, 383, 50332031, 16777601, 
389, 8389001, 397, 33554831, 41943439, 401, 50332049, 16777619, 41943443, 25166231, 33554839, 409, 8389019, 50332063, 16777633, 33554849, 419, 8389027, 421, 41943457,
16777639, 50332067, 16777643, 431, 8389039, 433, 25166257, 33554867, 439, 41943481, 443, 50332091, 25166269, 41943487, 449, 8389057, 41943491, 50332097, 8389061, 16777669,
8389063, 41943493, 457, 41943497, 33554891, 461, 463, 16777679, 16777681, 467, 8389079, 33554903, 8389081, 50332123, 479, 41943521, 16777699, 8389093, 487, 491, 8389099, 50332141, 
8389103, 16777711, 33554929, 499, 503, 8389111, 16777721, 25166329, 16777723, 41943547, 509, 50332153, 16777729, 8389123, 33554951, 521, 50332169, 523, 41943563, 50332171, 33554959, 
25166353, 8389141, 25166357, 16777751, 25166363, 33554971, 541, 41943581, 50332187, 8389153, 33554977, 547, 50332193, 8389159, 
50332199, 41943593, 8389163, 557, 25166381, 50332207, 16777777, 33554993, 563, 16777781, 50332213, 569, 571, 41943611, 577, 8389187, 41943623, 587, 25166411, 33555019, 16777807, 
593, 8389201, 16777811, 25166419, 50332241, 599, 25166423, 601, 33555037, 607, 16777823, 41943647, 8389219, 613, 16777829, 617, 619, 16777837, 8389231, 8389237, 33555061, 631, 
25166459, 50332283, 16777853, 641, 33555073, 643, 33555077, 647, 33555079, 41943691, 653, 8389261, 33555089, 659, 661, 33555101, 673, 677, 25166503, 50332327, 41943721, 683, 50332333, 
16777903, 691, 16777907, 8389301, 50332339, 33555131, 41943739, 701, 8389309, 25166527, 709, 50332357, 50332363, 33555149, 41943757, 719, 41943761, 727, 41943767, 33555163, 733, 16777949, 
33555167, 739, 743, 8389351, 751, 16777967, 8389361, 41943793, 757, 16777973, 33555191, 761, 50332409, 8389373, 33555199, 769, 25166593, 16777987, 50332417, 773, 25166597, 16777991, 50332421, 
33555209, 50332423, 41943821, 41943823, 33555217, 50332433, 787, 16778009, 797, 16778023, 809, 33555241, 811, 41943851, 25166639, 33555251, 821, 823, 827, 25166651, 829, 33555259, 41943871, 
8389441, 839, 33555271, 41943883, 50332493, 33555281, 33555283, 853, 8389463, 16778071, 857, 33555289, 859, 33555287, 16778077, 33555293, 863, 50332507, 41943907, 50332517, 41943911, 50332519, 
16778089, 50332523, 877, 41943919, 881, 8389489, 883, 25166707, 33555317, 50332531, 887, 41943929, 41943931, 8389501, 25166719, 907, 16778123, 33555341, 41943949, 911, 8389519, 16778129, 41943953, 
8389523, 919, 41943959, 16778137, 50332571, 929, 25166753, 16778147, 41943971, 8389541, 25166759, 937, 941, 33555373, 25166767, 41943983, 8389553, 33555377, 947, 50332589, 8389559, 33555383, 953, 
25166777, 41943991, 16778173, 41943997, 8389567, 33555391, 41944003, 25166789, 33555397, 967, 971, 41944013, 977, 50332627, 983, 33555419, 33555421, 50332637, 991, 8389603, 25166819, 997, 8389607, 
41944043, 50332651, 33555439, 1009, 50332657, 16778227, 1013, 25166837, 16778231, 33555449, 1019, 1021, 50332673, 33555461, 1031, 1033, 41944073, 33555469, 1039, 50332687, 41944081, 8389651, 41944087, 
1049, 8389657, 1051, 33555481, 41944093, 25166879, 1061, 8389669, 1063, 33555493, 33555497, 33555499, 1069, 25166893, 8389679, 8389681, 16778291, 25166903, 50332727, 8389691, 33555517, 1087, 1091, 8389699, 
1093, 16778309, 33555527, 50332739, 1097, 50332741, 41944139, 8389709, 41944141, 1103, 25166927, 25166929, 50332753, 1109, 50332757, 50332759, 1117, 8389727, 41944159, 33555553, 1123, 1129, 33555563, 50332781, 
50332783, 16778357, 41944183, 25166971, 1151, 33555583, 1153, 41944193, 8389769, 1163, 50332811, 16778383, 41944207, 1171, 8389781, 8389783, 33555611, 1181, 8389793, 16778401, 1187, 33555617, 25167013, 50332837, 
1193, 16778413, 33555629, 1201, 8389813, 41944247, 8389819, 1213, 16778429, 33555647, 50332861, 1217, 1223, 25167047, 16778441, 25167049, 33555659, 1229, 8389837, 1231, 33555661, 16778449, 25167059, 33555667, 1237, 
16778453, 25167061, 50332889, 41944283, 33555679, 1249, 25167073, 41944289, 41944291, 50332897, 41944297, 1259, 25167091, 8389877, 33555701, 33555703, 8389883, 1277, 25167101, 1279, 50332927, 16778497, 1283, 1289, 
8389897, 1291, 25167113, 50332939, 33555727, 1297, 41944337, 8389907, 1301, 1303, 16778521, 33555737, 1307, 41944349, 8389919, 8389921, 1319, 33555751, 1321, 16778537, 41944361, 50332967, 33555757, 50332973, 1327, 16778543, 8389937, 41944367, 8389939, 16778549, 41944373, 8389943, 8389949, 8389951, 25167167, 16778561, 8389957, 25167173, 50332999, 25167179, 8389967, 1361, 8389973, 1367, 33555799, 25167193, 1373, 25167199, 50333027, 1381, 50333029, 33555817, 16778603, 1399, 25167223, 41944439, 50333051, 50333053, 16778623, 41944447, 1409, 16778627, 41944451, 8390021, 41944453, 16778633, 8390029, 33555853, 1423, 16778639, 50333069, 1427, 25167251, 1429, 25167253, 33555859, 41944471, 1433, 41944477, 1439, 8390047, 41944481, 50333089, 8390051, 1447, 1451, 33555883, 1453, 41944493, 1459, 41944499, 8390069, 50333111, 16778683, 33555901, 1471, 16778689, 25167301, 1481, 8390089, 1483, 33555913, 8390093, 16778701, 1487, 41944523, 1489, 41944531, 1493, 41944537, 1499, 33555931, 41944547, 1511, 50333159, 33555947, 
41944561, 
1523, 
25167347, 33555959, 1531, 8390143, 
41944577, 33555971, 1543, 25167367, 1549, 50333197, 1553, 50333201, 16778771, 25167379, 33555989, 41944597, 1559, 41944601, 33555997, 1567, 41944607, 1571, 16778789, 25167397, 8390183, 33556009, 1579, 
25167403, 41944619, 1583, 25167409, 50333233, 50333237, 16778809, 33556027, 1597, 1601, 16778819, 16778821, 33556037, 1607, 1609, 25167433, 8390219, 1613, 1619, 8390227, 1621, 16778837, 33556051, 50333267, 8390233, 
50333273, 1627, 33556063, 50333279, 41944673, 1637, 33556069, 16778857, 50333291, 25167469, 50333293, 16778863, 8390257, 16778869, 33556087, 1657, 41944697, 41944699, 33556093, 1663, 8390273, 1667, 25167491, 1669, 16778887, 50333321, 
8390287, 25167503, 16778897, 33556111, 50333329, 50333333, 33556123, 1693, 25167517, 8390303, 16778911, 1697, 41944733, 1699, 50333341, 16778917, 50333347, 8390311, 50333351, 1709, 16778929, 8390323, 41944757, 1721, 8390329, 1723, 25167547, 33556157, 50333369, 25167551, 50333377, 16778947, 1733, 25167559, 50333383, 1741, 41944781, 8390351, 16778959, 1747, 41944789, 8390359, 33556183, 1753, 50333399, 33556189, 1759, 16778981, 16778989, 33556207, 1777, 25167601, 1783, 16779001, 1787, 1789, 25167613, 8390399, 25167617, 50333443, 16779013, 33556231, 1801, 50333449, 8390413, 25167631, 41944849, 1811, 41944853, 50333461, 25167641, 25167643, 50333467, 1823, 16779041, 41944867, 1831, 8390441, 8390443, 16779053, 25167661, 1847, 25167677, 50333501, 41944897, 8390467, 25167683, 1861, 8390471, 1867, 41944907, 33556301, 1871, 8390479, 1873, 50333519, 1877, 1879, 41944919, 41944921, 25167707, 1889, 8390497, 25167713, 50333537, 50333539, 25167719, 1901, 50333551, 8390513, 1907, 25167731, 33556339, 41944949, 33556343, 1913, 41944957, 25167743, 50333567, 41944961, 8390531, 33556357, 33556361, 1931, 8390539, 1933, 50333581, 16779151, 41944979, 8390549, 25167767, 16779163, 1949, 33556381, 1951, 50333597, 41944993, 16779173, 25167781, 16779179, 50333611, 16779181, 33556399, 33556403, 1973, 16779193, 1979, 8390587, 50333629, 16779199, 8390593, 1987, 25167811, 33556423, 1993, 25167817, 16779211, 
1997, 33556429, 1999, 25167823, 41945039, 2003, 25167827, 25167829, 25167833, 2011, 41945051, 16779229, 50333659, 8390623, 2017, 16779239, 25167847, 41945063, 2027, 33556459, 2029, 16779247, 50333681, 16779253, 2039, 41945083, 33556483, 2053, 8390663, 33556493, 2063, 8390671, 50333711, 50333713, 16779283, 33556499, 2069, 25167893, 33556507, 16779293, 8390687, 2081, 2083, 25167907, 2087, 2089, 16779307, 25167917, 50333741, 16779311, 33556529, 2099, 33556531, 16779317, 50333749, 8390713, 25167931, 41945147, 8390717, 2111, 2113, 33556547, 8390729, 8390731, 50333771, 16779341, 25167949, 33556559, 2129, 8390737, 2131, 25167953, 8390743, 25167959, 2137, 8390747, 33556571, 2141, 2143, 16779361, 50333797, 41945191, 2153, 50333807, 2161, 16779377, 8390771, 41945203, 33556597, 50333809, 50333813, 41945209, 8390779, 50333819, 25167997, 41945213, 8390783, 2179, 33556613, 41945221, 16779403, 50333837, 16779407, 25168019, 41945237, 2203, 2207, 8390819, 41945251, 2213, 16779431, 41945257, 2221, 16779439, 50333873, 16779449, 2237, 25168061, 2239, 33556673, 2243, 25168067, 16779461, 8390857, 33556681, 2251, 50333897, 8390861, 8390867, 8390869, 50333909, 16779479, 41945303, 8390873, 2267, 2269, 25168093, 41945311, 2273, 16779491, 41945317, 33556711, 2281, 2287, 25168111, 41945329, 33556723, 2293, 16779509, 41945333, 2297, 8390909, 50333953, 16779523, 41945347, 2309, 2311, 25168139, 50333963, 16779533, 41945357, 8390927, 25168147, 8390939, 2333, 16779551, 33556769, 41945377, 2339, 2341, 41945381, 16779559, 50333989, 50333993, 2347, 41945389, 2351, 8390959, 50334001, 2357, 50334007, 25168189, 50334013, 25168193, 50334017, 2371, 8390981, 41945413, 2377, 33556811, 2381, 2383, 16779599, 2389, 8390999, 33556823, 2393, 8391001, 2399, 25168223, 8391011, 33556837, 33556841, 2411, 25168237, 50334061, 8391023, 33556847, 2417, 25168243, 2423, 50334071, 50334073, 41945467, 8391037, 50334077, 16779647, 50334079, 
33556867, 2437, 2441, 33556877, 2447, 25168271, 33556879, 16779667, 25168277, 16779671, 33556889, 2459, 50334107, 16779677, 8391073, 25168289, 2467, 41945507, 41945509, 8391079, 33556903, 2473, 50334121, 8391083, 16779691, 2477, 50334131, 16779703, 33556921, 33556927, 16779713, 25168321, 41945539, 8391109, 2503, 41945543, 33556937, 25168333, 41945549, 16779727, 25168337, 16779733, 8391127, 2521, 16779743, 41945567, 8391137, 33556961, 2531, 25168357, 16779751, 33556969, 2539, 16779757, 2543, 8391151, 2549, 50334197, 2551, 16779767, 41945591, 50334199, 25168379, 2557, 33556993, 16779779, 25168387, 25168391, 41945609, 50334223, 33557009, 2579, 33557011, 41945621, 41945623, 50334233, 16779803, 25168411, 8391197, 2591, 8391199, 2593, 16779809, 41945633, 50334241, 25168421, 8391209, 41945641, 8391211, 50334253, 16779823, 2609, 8391223, 25168439, 2617, 25168441, 33557047, 2621, 50334269, 16779839, 33557057, 41945669, 33557063, 2633, 25168469, 33557077, 2647, 16779863, 41945689, 50334293, 25168477, 8391263, 16779871, 2657, 33557087, 2659, 16779877, 2663, 50334311, 16779881, 25168489, 33557101, 2671, 8391283, 25168499, 2677, 8391287, 8391289, 50334329, 2683, 16779899, 41945723, 2687, 33557119, 2689, 2693, 50334341, 16779911, 25168519, 16779913, 2699, 33557131, 2707, 2711, 33557143, 2713, 16779929, 8391323, 25168541, 2719, 25168543, 16779937, 50334371, 16779943, 2729, 8391337, 2731, 16779953, 41945779, 2741, 8391349, 50334391, 25168571, 2749, 25168573, 41945791, 50334397, 2753, 50334407, 41945801, 16779979, 25168589, 33557197, 2767, 50334413, 8391377, 33557203, 16779989, 16779991, 2777, 2789, 25168613, 2791, 16780007, 8391401, 50334443, 2797, 2801, 2803, 8391413, 50334457, 16780031, 25168639, 2819, 8391433, 33557257, 2833, 50334481, 8391443, 16780051, 2837, 2843, 41945887, 8391457, 2851, 8391463, 2857, 16780073, 41945899, 2861, 16780079, 41945903, 41945909, 8391479, 50334521, 16780091, 2879, 8391491, 41945923, 25168709, 33557317, 2887, 41945927, 50334533, 8391499, 33557323, 50334539, 33557327, 2897, 50334547, 2903, 50334551, 25168729, 33557339, 41945947, 2909, 8391517, 33557341, 2917, 41945957, 25168747, 41945963, 8391533, 33557357, 2927, 41945971, 2939, 25168763, 16780157, 50334587, 41945983, 8391553, 16780163, 2953, 33557387, 2957, 2963, 33557399, 2969, 8391577, 2971, 16780187, 50334617, 41946017, 33557411, 8391589, 33557413, 16780199, 50334631, 16780201, 33557417, 25168811, 25168813, 33557423, 41946031, 25168817, 16780213, 33557429, 2999, 3001, 50334653, 3011, 16780229, 8391623, 25168841, 3019, 16780237, 33557453, 3023, 50334673, 41946067, 25168853, 50334679, 8391641, 25168859, 33557467, 3037, 33557471, 3041, 16780259, 8391653, 3049, 25168873, 25168879, 16780273, 41946097, 8391667, 25168883, 3061, 3067, 8391679, 50334719, 16780289, 50334721, 33557509, 3079, 25168903, 41946119, 3083, 25168907, 3089, 8391697, 33557521, 8391707, 3109, 33557543, 16780333, 3119, 3121, 8391737, 33557561, 8391739, 8391743, 33557567, 3137, 25168961, 25168963, 41946187, 50334797, 16780369, 8391767, 8391769, 3163, 16780381, 33557597, 3167, 3169, 33557603, 16780391, 25168999, 3181, 50334829, 8391791, 16780399, 25169009, 33557617, 3187, 8391797, 3191, 33557627, 8391809, 16780417, 3203, 8391811, 3209, 25169033, 41946253, 3217, 25169041, 3221, 50334871, 3229, 41946269, 16780447, 33557663, 8391841, 25169057, 25169059, 50334883, 16780453, 25169063, 16780459, 41946283, 41946287, 33557681, 3251, 33557683, 3253, 25169077, 50334899, 3257, 3259, 25169083, 41946299, 25169087, 50334913, 16780483, 25169093, 33557701, 3271, 16780487, 50334919, 33557707, 16780493, 8391893, 25169113, 50334941, 25169119, 33557729, 3299, 33557731, 3301, 33557737, 3307, 16780523, 41946347, 8391919, 3313, 41946353, 50334961, 33557749, 3319, 16780537, 33557753, 3323, 16780541, 3329, 8391937, 3331, 33557767, 8391947, 8391949, 3343, 3347, 25169173, 50334997, 8391959, 16780567, 16780571, 33557789, 41946397, 3359, 50335007, 3361, 25169189, 50335013, 25169191, 3371, 3373, 41946413, 33557807, 25169201, 33557809, 50335027, 16780597, 16780601, 3389, 8391997, 3391, 16780607, 1678060